40.668821000000001	109.842455000000000
26.405230000000000	106.747629000000000
29.600719999999999	103.754481000000000
32.965903546800000	117.204860043400000
31.838184999999999	119.993921000000000
37.697346000000003	116.275470000000000
38.097479999999997	113.400657000000000
36.060935000000001	103.833586000000000
28.953653276499999	118.904879921500000
31.714479000000001	113.361698000000000
31.055227834286860	120.408690876523080
32.055362699200003	118.804822083400000
31.547361326699999	120.315961493600000
22.571905000000001	113.884833000000000
37.691595280004606	112.756771830594180
-1.000000000000000	-1.000000000000000
23.026178000000002	113.747393000000000
34.239927000000002	108.952036000000010
30.809546999999998	108.385085000000000
26.441051999999999	112.060875999999990
-1.000000000000000	-1.000000000000000
22.529114830899999	113.389758327300000
36.691461504300001	117.036568951400000
30.473350229000001	111.205209388300010
-1.000000000000000	-1.000000000000000
22.536846000000001	113.989022000000010
-1.000000000000000	-1.000000000000000
22.546053546200000	114.025973657300000
45.751534918600001	126.601914714500000
23.309080000000002	112.813349000000000
34.270654000000000	108.832768000000000
24.321669000000000	109.414357999999990
45.743732999999999	126.693637000000000
41.433050999999999	123.326894000000000
32.849592000000001	120.327920000000010
22.623078000000000	114.039863000000000
31.711627118300001	118.578347855900010
23.620652000000000	116.289745000000000
23.745842000000000	114.707160000000000
28.116758999999998	114.457095000000000
39.809814883900003	116.740079180699990
39.004455000000000	106.348591000000000
22.845136000000000	108.310670000000000
30.472115923400001	114.418529805899990
40.106469775100003	116.375372887599990
39.104121999999997	121.712857000000000
37.769906815100001	114.790482807000000
22.629013000000000	114.046131000000000
31.713609885200000	112.264933890300000
34.130399896422610	119.670679001745600
-1.000000000000000	-1.000000000000000
-1.000000000000000	-1.000000000000000
31.221183000000000	107.505955000000000
34.696815000000000	113.672068000000000
30.191576999999999	121.257385000000000
44.904429999999998	82.078708000000006
27.748297999999998	111.312490999999990
24.901509000000001	118.600640000000000
-1.000000000000000	-1.000000000000000
42.264856999999999	123.828588999999990
40.601185028300002	110.038203814900000
22.915397788600000	113.369323019600000
35.110261999999999	117.129444000000010
25.494494000000000	105.361036000000000
32.991419999999998	112.528783000000000
24.901437000000001	118.600765000000000
40.229373940199999	116.240348625000000
36.088488868900001	120.362656242300010
39.635108000000003	118.154826000000000
22.751802000000001	114.153392000000000
22.621860999999999	114.035788999999990
33.345781000000002	120.188942000000000
31.548190999999999	120.366041999999990
33.656115999999997	115.169690000000000
22.794620758699999	108.300003660600000
37.714748999999998	112.682299000000000
37.553062811499998	121.378711478600000
30.283317838300000	120.106661861400000
30.553602509099999	114.324287187900000
26.431204999999999	106.680677000000000
32.671596000000001	110.797991999999990
22.349993999999999	113.448950000000000
37.896248000000000	112.589207000000000
22.522448126000000	113.385254108500010
24.907053999999999	118.571637000000000
24.273657000000000	109.402703000000000
25.936399000000002	111.070802000000000
22.663406000000000	114.033809000000000
23.140398999999999	113.291537000000010
34.679037000000001	112.452625000000000
39.679057999999998	106.826387000000000
35.536723374899999	118.417585568400000
37.169657000000001	122.434315000000000
23.017552999999999	115.363230000000000
25.844611000000000	114.903131000000000
22.313814000000001	110.943500000000000
32.678017097883520	109.365318191278520
20.056546000000001	110.356740000000000
39.813529000000003	109.980721000000000
30.563089717000000	104.060491286800000
40.665741900000000	109.842597879900000
33.298060000000000	118.876844000000010
37.558824011100001	121.375447305900000
26.590240999999999	104.845361000000000
-1.000000000000000	-1.000000000000000
31.214568501399999	121.409930272900000
37.928373000000001	115.222376999999990
-1.000000000000000	-1.000000000000000
39.934988940799997	116.523392786000000
34.207993000000002	108.944845000000000
28.701665999999999	113.600199000000000
46.075198000000000	125.993521000000000
43.873769000000003	125.302854000000000
-1.000000000000000	-1.000000000000000
29.808368999999999	106.403552000000000
23.481946000000001	111.266912000000000
28.170662000000000	113.000006000000000
29.371573999999999	105.468644000000000
31.290065999999999	107.537871999999990
25.299970999999999	110.316236000000000
30.001093999999998	106.237545999999990
22.560151999999999	113.388796000000000
26.591303269000001	106.719828419600010
38.095608217500001	116.583141865700000
-1.000000000000000	-1.000000000000000
26.105177999999999	119.251600000000000
24.538951000000001	103.767128000000000
46.729160383299998	124.838426765400000
23.561084000000000	116.359892000000000
22.545949697872999	113.935370377590000
37.753357000000001	112.577552000000000
36.103966000000000	120.420987000000000
21.663301000000001	110.647343000000010
35.425429999999999	116.593666000000000
37.849379999999996	113.612280000000000
30.789069999999999	103.953823000000000
44.891589000000003	82.089918999999995
24.898695000000000	118.589783000000000
37.704579000000003	112.739183000000000
42.025072999999999	121.671269000000000
30.626892999999999	104.067121000000000
22.625978000000000	114.034885000000000
30.656105000000000	111.358250000000000
35.036048000000001	110.964144000000000
34.014392000000001	108.839211000000010
50.348754571500002	123.817277837800010
22.504089000000000	113.336190000000000
37.513575000000003	122.129028000000010
23.874490999999999	113.553247000000000
22.578482000000001	113.884468000000000
37.879587545100001	114.529769461900000
-1.000000000000000	-1.000000000000000
26.625461999999999	106.761441000000000
25.806826999999998	113.020308000000000
31.181042999999999	115.041009000000000
30.338914932800002	120.112572662199990
28.269658004299998	113.074859106800010
30.504248000000000	114.316241000000010
36.719386000000000	119.115480000000010
49.207805000000000	119.783053000000000
44.408005174600000	131.102456532899990
31.451667744200002	121.115168480200000
31.466443425200001	104.751957909000000
28.081164999999999	121.157056999999990
39.142237046600002	117.225072972899990
37.871631705900000	113.599443034600000
37.878043808199998	112.585185898700000
31.509913000000001	119.653985000000010
40.857771000000000	111.679028000000000
26.580845000000000	106.689077000000000
24.779082856599999	113.296783512100010
34.558900999999999	105.875963000000000
24.519873000000000	117.681713000000000
29.576957000000000	106.566548000000000
37.863621999999999	112.517157999999990
24.811077000000001	118.559588000000010
22.587611382399999	113.404220318399990
29.541865999999999	106.510876000000000
22.806492935600001	108.297233555899990
21.866310642300000	111.987818322300000
25.823516999999999	114.949147999999990
29.721936000000000	120.241776000000000
40.336250999999997	116.645280000000000
37.704528000000003	112.738894000000000
39.911842999999997	116.398812000000010
29.536294000000002	106.489356000000000
28.892330000000001	111.478657000000000
31.171773999999999	108.401438000000000
22.629064000000000	114.046274000000000
25.067611191902600	121.561019201369010
37.072715000000002	37.072715000000002
22.629092000000000	22.629092000000000
31.389406323799999	120.959189400000000
34.336187489600000	108.848537065600000
25.849752994399999	114.957324999700010
23.565156000000002	116.361594999999990
40.748976000000000	107.434178000000000
31.465221537500000	104.755805904800000
22.588843987227307	113.107605033064860
28.012455644999999	120.669695325700000
24.831254999999999	118.622224000000000
27.549803280599999	109.974442441100000
27.842796878100000	112.958442211700000
31.316182999999999	120.606375000000000
38.037062880199997	114.149269443200000
25.828768881100000	114.966720537900000
35.423839999999998	116.605058000000000
23.174744052800001	113.264935158300010
22.783971000000001	114.482847000000010
29.531267000000000	106.511193000000010
43.816680485500001	87.601941386299998
-1.000000000000000	-1.000000000000000
42.910144000000003	129.503015000000000
29.538394000000000	103.744372000000000
23.130426000000000	113.261111000000000
34.755557529299999	113.697710021800010
22.780460000000001	114.481369000000000
23.762115999999999	114.704938000000000
24.931405000000000	118.667410000000000
41.820252000000004	123.420468000000000
29.538996000000000	106.461429000000000
31.194762999999998	121.698307000000000
33.035508000000000	112.570770000000000
39.163484986455330	115.919319259857260
22.662277000000000	114.023208999999990
36.191873999999999	120.443098000000010
35.113988999999997	111.035568000000000
37.456013881899999	121.457846480800000
30.719109637199999	104.001757872700000
31.273204000000000	120.863150000000000
36.699748999999997	117.060618000000010
22.559862109899999	114.164368939700000
30.246115621500000	120.214052255600000
35.368029999999997	116.586259000000000
39.027663341699999	115.651901345100000
22.770240000000001	114.077102999999990
22.660458999999999	114.021725000000000
30.630422521100002	104.076258125100000
37.742148999999998	112.736166000000000
26.016544000000000	118.794503000000010
24.146099000000000	115.713121000000000
30.621081000000000	120.547888000000000
43.864919337000003	87.574236653100002
36.741906934200003	119.144896953700000
26.587616810699998	109.689840296000000
43.880496999999998	125.252554000000000
38.489159884899998	106.254164223400000
18.263404999999999	109.489099999999990
22.549676000000002	113.939921000000000
36.716811999999997	36.716811999999997
30.506426999999999	114.396548000000000
28.903188000000000	111.492712000000000
28.099982985400000	121.174940009400000
25.795039491600001	113.043427662000000
26.016563000000001	118.794529000000000
43.798209526199997	87.627131325600004
39.740011000000003	116.148751000000000
22.350728000000000	110.945477000000000
31.293694185900002	104.019870749200000
37.543678000000000	121.410829000000000
27.561523000000001	110.001976000000000
39.116335999999997	117.260782000000010
31.686416657500001	118.533634753000000
33.734485459399998	113.311368405000000
30.434436000000002	111.777310000000000
37.439422999999998	122.162668000000000
22.527698387400001	113.357449920700010
28.695153999999999	115.860159999999990
29.346311000000000	113.154527000000000
31.266579164500001	121.570698460500000
43.877057000000001	126.574367000000000
32.398506000000000	109.340162000000000
36.124849847000000	120.391088580100000
28.768204471299999	115.839314855900000
-1.000000000000000	-1.000000000000000
32.894902801699999	107.753712414400000
40.854489000000001	111.680986000000000
24.713388999999999	118.130921000000000
38.078184000000000	114.488423000000000
32.503375601300000	120.165823741200000
20.061309000000001	110.348500000000000
31.590468999999999	120.324892000000010
22.543645000000000	113.928824000000000
32.072429999999997	112.145335000000000
38.447371370600003	106.286234914100010
22.584686000000001	113.900706000000000
45.736081009599999	126.649746849100000
22.576547999999999	113.880776999999990
37.670914000000003	112.740725000000000
29.596907999999999	111.421035000000000
40.040621700000003	116.322754282999990
27.923894045499999	120.843048073600000
30.825150000000001	108.363957000000000
30.300411962900000	109.488377063100000
32.996735000000001	112.528649000000000
24.793764000000000	113.538770000000000
22.660803999999999	114.022032999999990
38.062206799599998	114.558389822200000
43.889285000000001	125.326618000000000
22.558360000000000	113.386202999999990
40.809035999999999	111.743242000000000
30.681183000000001	104.060436999999990
34.414768000000002	115.663086000000010
22.985920376300001	113.374951656600000
-1.000000000000000	-1.000000000000000
28.076407000000000	113.021891000000000
32.774600999999997	112.445226000000010
-1.000000000000000	-1.000000000000000
-1.000000000000000	-1.000000000000000
22.170285000000000	111.801070999999990
28.884201999999998	111.476443000000000
30.539535999999998	114.363392000000000
31.885010000000001	117.263204000000000
37.409205486899999	105.556090817599990
34.637528000000003	112.435709000000000
38.052748349100000	114.620281046200010
37.878573713999998	112.567005110500010
30.255064464000000	120.173389063600000
22.660699000000000	114.022058000000000
30.640082467100001	104.059006067100000
28.371220999999998	121.390067000000000
26.402141000000000	117.800366000000000
22.543628999999999	113.928976000000010
30.734994000000000	103.975033000000000
-1.000000000000000	-1.000000000000000
27.538606000000001	109.989512000000000
24.782962000000001	113.594070000000000
43.853360000000002	87.597120000000004
34.764138000000003	113.750230000000000
31.380465999999998	119.824636000000000
37.679161000000001	112.771660000000000
25.042161000000000	102.686677000000000
41.804329000000003	123.419073000000000
23.026951643600000	113.761956164100000
43.834577000000003	125.333258000000000
22.548052020000000	114.118531399999990
24.982227999999999	102.726560000000010
30.009004000000001	106.277184000000010
22.862774999999999	110.553130000000000
23.478601000000001	111.324403000000000
36.108275556599999	120.471697126699990
34.678192000000003	112.457421999999990
27.894307999999999	113.099931000000000
37.434801999999998	122.162181000000000
32.642270270212563	117.014057235702100
24.818263000000002	113.603621000000000
46.575103000000000	125.135844000000000
35.960701999999998	113.739266000000000
37.833567000000002	112.542331000000000
22.344887000000000	110.938400000000000
41.154663999999997	80.307913999999997
23.108318000000001	113.281597000000010
38.006160000000000	114.557597000000000
31.293921999999998	121.155039000000000
36.075482999999998	111.525037999999990
-1.000000000000000	-1.000000000000000
29.998301999999999	106.257212000000000
-1.000000000000000	-1.000000000000000
22.584237999999999	113.868359000000000
34.674353000000004	34.674353000000004
-1.000000000000000	-1.000000000000000
43.881717000000002	125.446777000000000
41.807096198000004	123.449212840100000
30.695215999999998	104.024849000000000
45.712068000000002	126.600057000000010
28.763226274400001	104.653855260499990
22.803563000000000	108.320768000000000
30.329214000000000	120.130746000000000
22.729285727905300	114.537887065579280
37.687650000000000	112.747242000000000
24.925947000000001	118.666139000000000
40.628608000000000	122.516088000000000
30.767875000000000	108.456479000000000
29.609149518999999	106.521521793800010
23.144907000000000	113.287662000000000
31.020713973199999	121.209523163200000
22.989356000000001	115.339014000000010
-1.000000000000000	-1.000000000000000
29.997094000000001	106.270698000000000
49.178477999999998	119.749728000000000
39.853544877099999	116.571018464800010
26.871960000000001	100.263755000000000
41.832656045000000	123.381656212600010
22.521335000000001	113.928572000000000
24.984635000000001	102.771911000000000
23.014567344100001	113.849126456100000
35.955699000000003	120.198292000000000
23.119415000000000	113.161748000000000
-1.000000000000000	-1.000000000000000
22.846063000000001	108.312708000000000
40.818190000000001	111.706235000000010
22.957270000000001	113.700958000000000
39.761189000000002	116.365947000000010
29.544385527500001	103.741241103200000
35.204447000000002	113.245932000000000
31.323404000000000	120.581748000000000
30.833544000000000	108.403057000000000
28.127717554800000	113.006109659000000
32.173928374399999	118.713283494300000
26.909865000000000	112.594876000000000
30.337705000000000	120.166898000000000
30.166059782500000	121.257754512300000
-1.000000000000000	-1.000000000000000
39.035277200499998	117.685996362300000
32.434876000000003	105.854629000000000
28.453410000000002	117.915336999999990
30.687675422400002	103.999863076900000
29.532921999999999	106.512023000000000
-1.000000000000000	-1.000000000000000
24.951582999999999	102.784392999999990
36.917186261200001	121.557708064500010
38.286814255899998	109.728045937000000
32.387368000000000	109.364532000000000
23.485073000000000	111.283446000000000
42.276421999999997	118.918352000000000
29.560376924673616	106.581343640790040
37.202528490299997	104.078981027400000
30.641211701400000	104.083029368800000
-1.000000000000000	-1.000000000000000
31.258690791500001	120.741656414700000
29.910668000000001	114.387412000000000
30.673687999999999	104.093243000000000
-1.000000000000000	-1.000000000000000
28.780553000000001	105.378035000000000
38.051936773900003	114.490664189300010
37.059781999999998	114.470840999999990
28.704619999999998	115.877878999999990
37.839887025400003	112.558756999600010
23.383747000000000	104.245544000000000
34.402946394899999	117.903060042800010
21.858891000000000	111.988035000000000
34.743372999999998	111.890645000000010
34.003875999999998	119.830085999999990
35.113391999999997	111.035949000000000
-1.000000000000000	-1.000000000000000
43.844529999999999	87.567766000000006
39.355708999999997	115.493160000000000
37.029398000000000	111.913179000000000
30.003813000000001	106.253478000000000
31.211464376100000	121.465596895500000
31.254768235299998	121.633048857800010
22.758001000000000	114.161398000000010
28.081110283200001	110.738821732900010
31.294415999999998	121.156206999999990
22.546408000000000	113.940107000000000
22.538744000000001	113.930046000000000
30.719318999999999	104.006360000000000
22.645991247600001	114.017656649900000
22.826250000000002	113.673271000000000
22.548353028000001	114.125770546800000
31.214604999999999	121.624598000000010
49.216012999999997	119.772154000000000
22.725467999999999	114.214382000000000
38.864916515200001	121.533968410900000
31.698350704500001	118.525643242100000
41.840566000000003	123.505315999999990
31.038841204899999	121.219265347900010
25.356627916491085	118.702826662885670
42.286232134099997	118.998102934200010
36.647537000000000	116.966680000000000
29.848244000000001	114.312713000000000
22.883049000000000	113.352042999999990
28.206906522899999	112.978194815300000
23.608730000000001	116.301576000000000
-1.000000000000000	-1.000000000000000
30.987086000000001	103.642655000000000
37.552967914200004	111.976373140800010
22.552212999999998	114.055201999999990
30.630726512799999	104.080217072400000
39.929985778099997	116.395645037900000
27.200688000000000	116.537580000000010
40.029547000000001	116.417581000000000
29.995861999999999	108.108932000000000
31.707006200599999	120.551919147700000
30.297079000000000	109.491246000000000
22.663573000000000	114.031670000000010
43.812373808799997	87.644820735300002
31.298818965800223	120.632440812948390
32.713245999999998	109.020446000000010
36.102572049700001	120.384066649800000
-1.000000000000000	-1.000000000000000
21.220894000000001	110.395448000000000
34.673749569999998	112.436527892600000
31.719972181399999	112.250411816000000
35.598564000000003	110.714605000000010
27.252912999999999	112.872559000000000
23.487005498199998	111.282363789100000
31.149532420900002	112.589312409600000
-1.000000000000000	-1.000000000000000
33.025010000000002	119.005127000000000
44.909547000000003	82.082413000000003
28.900027000000001	111.474326000000000
39.883679000000001	116.672848000000000
35.478202000000003	113.786719000000010
23.092355999999999	113.647103000000000
28.189952000000002	113.086042000000010
40.655383999999998	109.889186000000000
23.631085020800001	116.578931749099990
36.851002184598280	115.712780857003120
39.143915000000000	117.099646000000010
27.799963643000002	114.427309835400000
32.907411000000003	115.813176000000000
35.205506999999997	114.685216999999990
30.791478711430539	108.484915910114420
31.020638000000000	109.473016000000000
37.479205000000000	118.520464000000000
30.807597999999999	108.379828000000000
29.646138000000001	106.570139999999990
44.351332999999997	84.910432999999998
43.810842999999998	126.563294000000000
29.816264082400000	106.753798531200000
18.257162037400001	109.514601113700000
25.248338000000000	118.854166000000010
21.685446696400000	110.848210600100000
37.071396000000000	114.467947000000000
22.633655698218998	108.395112328310010
23.603100999999999	116.290395000000000
35.804082000000001	116.091055000000000
30.675557999999999	104.111300000000000
29.555236000000001	106.576074000000010
22.544751000000002	113.471174000000000
31.686722000000000	118.494827000000000
22.629087999999999	114.046401000000000
22.543513999999998	113.929264000000000
23.105304034100001	113.376719846800000
44.338048999999998	84.909181000000004
23.496432296999998	111.329266518800000
30.648618784500002	104.016176782800000
43.860418000000003	87.535690000000002
37.692323999999999	112.748611000000000
35.089780273899997	118.411432164000000
38.714705000000002	116.647296999999990
22.843396869500001	113.255757350600010
32.302996000000000	119.433437000000000
38.353625000000001	114.399880000000000
-1.000000000000000	-1.000000000000000
25.800198000000002	113.042821000000000
31.025331000000001	106.426053999999990
24.945936000000000	102.781308000000000
28.763764999999999	104.657664000000000
22.629103000000000	114.046325000000000
30.377220999999999	113.456348000000010
39.898404342600003	116.474756010400000
34.438113000000001	115.650402000000000
21.476221758000001	109.105420967000000
30.630943607799999	104.076439130100000
24.904202999999999	118.604562000000000
39.367080999999999	112.451432000000000
31.966796656100001	118.828380688200000
39.039312000000002	117.686012000000010
38.932276999999999	121.645844999999990
37.477716000000001	121.367902000000000
32.898702845800003	115.839919242300000
30.534949999999999	120.438275000000000
41.803886549700003	123.393346788400000
34.231325067000000	108.921611091800000
30.616128000000000	114.276176000000010
24.912642000000002	118.597622000000000
39.959199896500003	119.613412813300000
30.740104199000001	103.974925635300000
37.103169212499999	118.214322847300000
36.089610999999998	120.427640000000000
38.484523000000003	106.150049999999990
30.826431000000000	108.404315000000000
22.628656353899999	114.046661437400000
30.823702323700001	106.108066680099990
36.827781000000002	118.031351000000000
24.513078000000000	118.123555000000000
37.065379581219901	114.605682197341000
28.907048000000000	111.487808000000000
41.753318000000000	86.119226999999995
31.867798000000000	120.550043000000000
22.543626000000000	113.928976000000010
26.896339000000001	112.619383000000000
37.446181000000003	121.434383000000000
22.684833999999999	114.009575000000000
29.790917000000000	106.647006000000000
22.628656353899999	114.046661437400000
38.034900000000000	114.569290000000000
27.224828701200000	120.198307464100000
30.779332000000000	108.395044000000000
24.423454000000000	111.532972000000000
44.276507422500003	114.893471211600000
30.658768638400002	104.088014784699990
30.707912000000000	111.286008000000000
22.549973999999999	114.124658000000000
22.798161000000000	114.475239000000000
31.241388000000001	121.413375000000000
23.189100286300000	113.338712181400000
25.281504000000002	110.317560000000000
22.628556000000000	114.047923000000000
22.546386999999999	113.940203000000000
22.572329000000000	113.888459000000000
37.807287561899997	112.565397691600000
23.042110000000001	115.269741000000000
-1.000000000000000	-1.000000000000000
29.459530000000000	106.501219000000000
24.940990065099999	102.785742353800000
22.625875000000001	114.034904000000000
40.843034072300000	111.742563260700000
38.887135247000003	111.142834813600000
39.927578734100003	116.438326317400000
29.410364866500000	103.827996375300000
40.663792000000001	109.802436000000000
23.385048000000001	104.227965000000000
22.530485246200001	113.945248420800000
36.380474106599998	119.760109263300000
29.411608999999999	105.590478000000000
32.087856472783997	121.072878044210000
22.775318066600001	112.989476870400000
36.436002999999999	120.656910999999990
34.424992000000003	112.439395000000000
36.916589720700003	108.197281180700000
43.619242000000000	122.273618000000000
38.499048636099999	112.966581862100000
22.628989000000001	114.046564000000000
34.001162000000001	119.843402999999990
29.379555000000000	113.112969000000010
39.748012000000003	116.541921000000000
43.777420925000001	87.651002212099996
26.889838000000001	112.601575000000000
39.100270000000002	117.136698000000000
30.814435000000000	108.377193000000010
26.578885000000000	106.718187000000000
23.352215000000001	112.714192000000000
46.641585999999997	126.995247000000010
43.844889000000002	126.561589000000000
28.175073000000001	113.049775999999990
26.270209000000001	119.506710000000000
43.824503000000000	126.555567999999990
-1.000000000000000	-1.000000000000000
-1.000000000000000	-1.000000000000000
34.743273000000002	111.890358000000010
22.357651626700001	113.110495170200000
22.571625000000001	114.110077000000000
40.211202999999998	117.957819000000000
22.815920878800000	108.407079946300000
38.920481000000002	121.596642000000000
37.109437000000000	114.517850000000000
31.405035000000002	121.473177000000010
27.037438000000002	118.317070000000000
33.782325999999998	120.264341000000000
30.185366999999999	121.254453000000000
30.687267296200002	103.877988721500000
30.569137000000001	117.030927000000010
27.908218999999999	112.508630999999990
37.124927999999997	118.993373000000010
38.030666449400002	114.464627620200010
38.913992000000000	121.605304000000000
32.350380999999999	116.280801999999990
22.641375000000000	113.919848000000000
30.400058000000001	114.896691000000000
-1.000000000000000	-1.000000000000000
25.819229000000000	114.957455000000000
43.863349000000000	87.593001000000001
43.886553999999997	87.569705999999997
24.190931000000000	113.417663000000000
36.813987131799998	118.045478417200000
27.891780702599998	102.271574827500000
27.671112999999998	120.564169000000010
22.842884000000002	113.241482000000000
39.392873000000002	117.061594000000000
22.628656353899999	114.046661437400000
38.471494000000000	106.233975000000000
28.134610000000000	106.823297000000000
30.730657144399999	104.116579552400000
36.119155999999997	120.457610000000000
30.634559821500002	103.682449202700000
18.292825477899999	109.495496175400010
34.265602000000001	108.102405000000000
24.195796000000001	115.661039000000000
23.100122000000000	109.610308000000000
47.653916000000002	132.509356999999990
30.003473000000000	106.269454999999990
31.249536104200001	121.524360487300000
28.252484486099998	112.987447008100010
40.085045999999998	116.416645000000000
34.237287000000002	108.954999000000000
22.629100999999999	114.046422000000010
44.891950000000001	82.074735000000004
30.667923115099999	104.108254416300000
32.107770000000002	120.578956000000010
23.300768000000000	112.808024000000000
-1.000000000000000	-1.000000000000000
22.571912000000001	113.884437000000010
29.634079000000000	106.569100000000010
37.794263000000001	112.567393999999990
22.663118999999998	114.030793000000000
34.203524999999999	108.891295000000000
43.945476999999997	87.336800999999994
40.926723393300001	117.965287804499990
39.938327000000001	116.423034000000000
44.908326000000002	82.074736999999999
30.581036024500001	114.327323887200000
38.865178999999998	106.536976999999990
30.468911215199999	106.635636458400000
40.100163000000002	116.192916999999990
36.567996999999998	116.779664999999990
42.219965999999999	127.449029999999990
22.788083000000000	114.097195000000000
22.629096000000001	114.047567000000000
-1.000000000000000	-1.000000000000000
32.722932000000000	108.969881000000000
33.348250000000000	120.155972000000010
41.261792999999997	123.185588000000000
46.077635305199998	122.092087455200000
22.789370999999999	115.386506000000000
34.929747999999996	116.655182999999990
30.502970999999999	114.317679000000000
30.746081000000000	120.498002000000000
38.034815000000002	114.560253000000000
36.167796000000003	120.436064000000000
36.720090000000000	119.118387000000000
42.585911000000003	120.510589999999990
23.711576341800001	113.034946254999990
40.633744999999998	109.845616000000010
35.423436606200000	110.856696099400000
30.280243580299999	120.136791175499990
40.225526000000002	117.972623000000000
22.622157726299999	114.072997634900010
23.124878086100001	113.245949987900000
22.221581681600000	113.560256238700010
25.123567999999999	118.479212000000000
30.612809536699999	114.431232165599990
22.993428999999999	113.735401999999990
23.339604000000000	112.714103000000000
39.808076999999997	116.376328000000000
-1.000000000000000	-1.000000000000000
22.937959535899999	113.673279896200000
23.630935999999998	116.279433999999990
-1.000000000000000	-1.000000000000000
37.385824000000000	117.989074000000000
32.230969000000002	105.341230000000000
-1.000000000000000	-1.000000000000000
34.730193545975040	112.808316600756710
30.529877542200001	105.573714721900000
31.306439000000001	120.688648000000000
26.028641000000000	119.364520000000000
27.871497628914348	113.126397584327400
36.083672000000000	114.374168000000000
23.138083377299999	113.381422690900000
32.067241000000003	108.044278000000010
25.362436000000000	118.691413000000000
36.641421999999999	117.064834000000000
33.369185999999999	120.154027000000000
31.265020607499999	121.482911619200000
33.320967000000003	117.328680000000010
22.641325999999999	113.921074000000000
30.320838999999999	120.343536000000000
36.041327201599998	103.861171817100000
31.932335443500001	118.828537514999990
28.189823000000001	113.036092999999990
24.932720000000000	118.662723000000000
44.385064000000000	126.529726999999990
23.618144999999998	116.330639000000010
-1.000000000000000	-1.000000000000000
22.779634000000000	115.358501000000000
26.493769683800000	101.751324908800000
25.664352000000001	114.774204000000000
27.696169999999999	120.571341000000000
31.302562000000002	120.830518000000000
22.352789999999999	110.933384000000000
40.116598000000003	116.298481000000000
25.798433108554299	113.037932457733990
30.878396286800001	114.379918667800000
31.866942260700000	117.282699091700000
39.469386999999998	75.983903999999995
29.024992655399998	115.816828160700000
30.005375999999998	106.252951999999990
-1.000000000000000	-1.000000000000000
-1.000000000000000	-1.000000000000000
37.687539000000001	112.704348999999990
38.999459999999999	115.670779000000000
35.778270790400001	115.098604995200010
30.324753623700001	120.243893897500000
27.560210000000001	109.971965999999990
39.124119683499998	117.197094921700000
-1.000000000000000	-1.000000000000000
27.926515999999999	120.702945000000000
38.083702000000002	114.460511999999990
43.818742999999998	87.573254000000006
31.263354622100000	121.498968744000000
36.668289995199998	117.007128531600000
29.824722000000001	111.902114999999990
22.831830000000000	115.374599000000000
29.989702000000001	122.223501000000000
40.225917000000003	116.250637000000000
23.083594000000002	114.393468000000000
24.794789348700000	112.388336033500000
37.851544844599999	112.557352235699990
30.812608000000000	108.373596000000000
37.621198000000000	114.939446000000000
27.851175823500000	105.056062207400000
30.670052518100000	104.060052864400010
25.717506411700001	104.478810188599990
34.681407999999998	34.681407999999998
37.687773000000000	112.729322999999990
43.851416000000000	87.569119000000001
22.607958000000000	113.105897000000000
23.055769000000002	113.136771000000000
40.257683999999998	122.144321000000010
25.096867000000000	102.744952000000000
-1.000000000000000	-1.000000000000000
37.171171999999999	122.424277000000000
28.195588000000001	113.036727000000000
23.629591999999999	116.295391000000000
43.861591262799998	87.468764755300000
23.101225947800000	113.214426134400000
32.054675865900002	118.798170862300000
23.674823000000000	116.931565000000010
-1.000000000000000	-1.000000000000000
30.295826999999999	109.493333000000010
28.054406390200000	115.549636982000000
43.941493000000000	116.087369000000000
30.957819732800001	121.453124472300000
22.974896999999999	115.336887000000000
30.523499649300000	105.621528020800000
38.949609185200004	100.448573758500000
22.657610000000000	114.027768000000000
30.933596999999999	108.708714000000000
24.800467432400001	118.493844875400000
28.116177000000000	113.005080000000010
-1.000000000000000	-1.000000000000000
22.663874000000000	114.033850000000000
30.618561000000000	104.135949000000000
22.799386999999999	114.476709000000000
25.275238000000002	110.315067000000000
47.357841999999998	123.958629000000000
-1.000000000000000	-1.000000000000000
34.209668000000001	113.781591000000010
28.941399000000001	118.963680999999990
22.566361000000000	113.898560000000000
36.866646692600000	116.226347552700010
28.237368722100001	113.084187735500000
35.868704999999998	115.519499999999990
26.898567000000000	112.602191000000000
28.898439000000000	111.481995000000000
-1.000000000000000	-1.000000000000000
24.291395000000001	116.121027000000000
30.307898753700002	109.502406502100000
23.427850352299998	113.503771635400000
29.838425000000001	121.559124999999990
34.222864999999999	108.979697000000000
34.306171999999997	108.721276000000000
45.853892858700000	125.803204590700010
34.758238515533970	113.739437211014160
31.113458999999999	121.367739000000000
36.388903999999997	120.447495000000000
34.466709797000000	113.061052214100000
36.625425000000000	114.513077000000000
-1.000000000000000	-1.000000000000000
-1.000000000000000	-1.000000000000000
30.640011570300000	104.073627703300010
34.188074999999998	108.883032000000000
28.900785000000000	111.474283000000000
-1.000000000000000	-1.000000000000000
32.390087000000000	109.349435000000000
40.826053000000002	111.683311000000000
28.269314887600000	103.573664980700000
29.737012000000000	116.014877000000000
43.850931000000003	126.562107000000000
32.931488000000002	117.377466000000000
-1.000000000000000	-1.000000000000000
40.633921999999998	109.845737000000000
37.165021000000003	122.422458000000010
24.898738000000002	118.589684000000010
-1.000000000000000	-1.000000000000000
39.259960000000000	115.809069000000000
26.599706000000001	106.734725000000000
45.774865813700004	126.675286453599990
30.118264971700000	120.192498711300000
25.139021186899999	116.135916575800000
23.083463105600000	113.287449114400000
43.805537000000001	87.568072000000001
24.153701995999999	102.486596844600000
22.546374000000000	113.940171000000010
26.882453999999999	112.613128000000000
32.055897999999999	118.797687000000000
34.236884000000003	108.931775000000000
39.261126000000000	115.806305000000000
40.609614999999998	115.098933000000000
27.539059000000000	109.989673000000000
34.674536000000003	112.434689000000010
-1.000000000000000	-1.000000000000000
26.563348000000001	106.686021999999990
29.586309737499999	106.548587193600000
30.239920000000001	120.034691000000000
30.582686679599998	114.303841767900000
27.742760000000000	109.201625000000010
49.213637023700002	119.749950881600000
40.640070999999999	109.847281000000000
35.343480999999997	115.204254000000010
30.598617999999998	114.282352000000000
36.528680000000001	114.493373000000010
23.209648000000001	113.273278000000000
31.387551999999999	120.587853000000000
22.724056924199999	114.221769368200000
40.045185338800003	116.443570625000010
24.997658999999999	102.777052000000000
22.774958000000002	108.311860000000000
43.869497869000000	87.588857109900005
37.500866000000002	114.703674000000010
39.971159000000000	116.827538000000000
22.669599000000002	113.254082999999990
-1.000000000000000	-1.000000000000000
37.866214897699997	112.563907495300000
34.435982000000003	115.660691000000000
31.673856696300000	120.775409728100000
34.545818409399999	113.395216838699990
22.549128000000000	114.089811999999990
34.382675001499997	109.219493646500000
22.541702160600000	114.068630560400000
38.750622000000000	112.718490000000000
30.000810999999999	106.264473000000000
34.189751000000001	108.926980000000000
31.854861063100000	117.306005833800000
37.503351024799997	122.130726231300000
22.690405000000000	114.003984000000000
30.294860000000000	109.479189000000010
31.313852000000000	120.630746000000000
36.061473834499999	103.889811666100000
32.087164103399999	118.785950363599990
22.814406103500001	108.300521921000000
33.742722000000001	113.309704999999990
40.851717999999998	111.697832000000010
33.001621000000000	112.534344000000000
40.765374999999999	107.388723000000000
22.814529000000000	108.301269000000000
34.225563999999999	108.955087000000010
37.083807000000000	114.504521000000000
43.807885738400003	87.545631053999998
43.874433000000003	87.596715000000003
30.660381000000001	104.060177999999990
22.547916624399999	113.399780313100000
29.296390957000000	117.201107872900000
38.512649000000003	102.181126000000010
22.344900000000000	110.938405000000000
28.572553896646088	115.965123842415910
25.736841999999999	104.499734000000000
49.214117999999999	119.782813000000000
30.297165000000000	109.491157000000000
31.865742999999998	106.761379000000010
30.326868000000001	120.318915000000000
36.693804878700000	117.129119391900010
-1.000000000000000	-1.000000000000000
36.150843999999999	120.383769000000000
40.552160000000001	117.671972999999990
30.603291554599998	114.220146719900000
31.363447080798085	120.790785125192200
-1.000000000000000	-1.000000000000000
25.940322999999999	111.080761999999990
24.294990134500001	116.124330977000000
37.948461973299999	114.463068976100000
22.626439999999999	114.040516000000000
22.628495728000001	114.046057702400010
29.445049000000001	113.013310000000000
43.831458788299997	87.597539727699996
22.505472999999999	113.388946000000000
23.153772000000000	113.466551999999990
26.891838000000000	112.612679000000000
31.563758000000000	120.274468000000000
32.052818650600003	120.884877515100000
36.294951205700002	120.015839868500000
39.955153000000003	116.836817999999990
33.606777000000001	114.005439999999990
30.686040042599998	104.004502768799990
37.710524791363184	112.746243690017240
31.293519339544236	120.960942154892220
26.573623999999999	106.691524000000000
31.319427000000001	120.607288999999990
22.806492935600001	108.297233555899990
30.386429000000000	120.277159999999990
40.224688978499998	116.233468857099990
-1.000000000000000	-1.000000000000000
22.625969000000001	114.034924000000000
39.955497615399999	116.465950190100000
30.533750999999999	106.443032000000000
32.983570999999998	112.554190000000010
34.353349798799996	108.938763605800010
38.866701252900000	115.489235898600000
37.439970000000002	122.163169000000000
22.521988046600001	113.372021073900000
34.607655000000001	112.414672999999990
30.797907474900001	106.090538825200000
22.788392999999999	114.097416999999990
23.571145710462588	116.374643358169380
34.247573000000003	108.917678000000000
22.815399443899999	108.271280730900000
37.398290000000003	122.172777000000000
30.194009000000001	120.214455000000000
30.722004999999999	104.122156000000000
31.043043000000001	112.214446000000000
43.852905607700002	125.371516359800000
29.338785036099999	113.156664797100010
24.636427000000000	118.136974000000000
29.623809000000001	106.510362000000000
-1.000000000000000	-1.000000000000000
34.371803000000000	109.214271000000000
34.298740698899998	119.246837005600000
29.831845999999999	106.423529000000000
31.171997999999999	108.401266000000010
32.026792999999998	120.327220999999990
36.079258684199999	103.774659232999990
29.889219000000001	121.506525000000000
38.351661999999997	114.679185000000000
26.411280999999999	112.382504999999990
25.119438830499998	107.468000687499990
29.997907000000001	108.120164000000000
37.078665000000001	114.465124000000000
38.603780000000000	108.848547000000000
35.313826400799996	113.896869332600010
34.799047000000000	113.611380000000000
22.549964243959160	113.930147456059560
35.446904000000004	119.538619000000000
40.769915407793924	107.450553047595210
31.247392868700000	121.458412999900010
-1.000000000000000	-1.000000000000000
25.691151064300001	117.851640331400010
38.966627000000003	121.597762000000000